7.991687242053824
6.289435202861183
5.492248821298616
5.007202403527949
4.666697008587557
4.473932856131453
4.3290253988127905
4.183626441521473
4.050853680841164
3.938765042117616
3.8520303755965433
3.772569586757645
3.6958872356017336
3.6114261755175674
3.5304692102820385
3.447825531335447
3.3725866410841285
3.3103834380322086
3.258029645082633
3.2042687270362626
3.1728801094744803
3.150177668753333
3.124181789066538
3.0985365428785165
3.071895563766961
3.0374974734956766
2.994049680675538
2.956284026480373
2.9292894233507876
2.90490664270485
2.883067839965219
2.8651595435235895
2.8454481754006786
2.8258555781708665
2.806535596812808
2.7882663860927863
2.769256905194552
2.7514849110193014
2.7358949846854674
2.7224452855630292
2.7101914828935
2.698134368346442
2.6879626281632656
2.6748604008102066
2.6622646600513553
2.65043348334116
2.6405885923800105
2.630034451844963
2.6180280783408487
2.6039250782148464
2.5915967859684876
2.5766528785206564
2.562165411634853
2.5506632947392527
2.5389466434827956
2.527188025069262
2.512726350150725
2.4974562855461926
2.483020059217139
2.470563937277674
2.4576643579857493
2.4427500777747055
2.4298497322659567
2.4189887003182053
2.4091706989369617
2.3962719657889835
2.3815896138957022
2.36513880513729
2.345712870062564
2.3281390198419922
2.3070067287980964
2.2780589870417542
2.248483305314328
2.2181566645743795
2.1863842057506684
2.1547150389537464
2.1266364242938307
2.097236951087291
2.0645816512773663
2.034708316671767
2.0055220037543577
1.9747468660408536
1.9387838371379644
1.9019886310480008
1.8611801637467469
1.8194050971883358
1.7834629786943332
1.746541649619055
1.7153214723785264
1.6825931416405675
1.6514613544794514
1.6237686708650303
1.593919188778387
1.5635439086118044
1.5325599940585108
1.5047937167335006
1.4756935589055662
1.4461034717358414
1.41830650465558
1.3846969591840494
1.3555065469925105
1.329496975495277
1.3120818147843207
1.2985889522634564
1.2900066827632324
1.2806888601584923
1.268973845978039
1.257718002908005
1.245292530408041
1.2356933331376172
1.2267008364820688
1.217306571211747
1.2080847160949728
1.1982220296101787
1.1903124254469817
1.1829528872521824
1.177357698877132
1.1710131335463072
1.1634413672890709
1.1553200012667444
1.1475028174326094
1.14198683558538
1.1365770832630446
1.1322360027095528
1.12672677205106
1.1213365036577303
1.1156516229466467
1.109699486965871
1.1036631243187158
1.0971684443933056
1.091958194891616
1.0882197732838217
1.0857510937284607
1.082873088403559
1.0796910453279052
1.0763324249261323
1.0733009740826966
1.0698856898819349
1.0663729405309466
1.0627262853985353
1.0600851611686177
1.0575306408663667
1.0539481835097895
1.0500984323944926
1.0458817126870639
1.0429888162211234
1.0408424128606149
1.038772767057111
1.0357987611827402
1.0329871302364715
1.0304263934786086
1.027491397237604
1.0249348334874624
1.0217004518932062
1.0180314313074417
1.0140897602225134
1.0095962607980493
1.0046189649116632
0.9982598266400378
0.9907453319760636
0.980851847470539
0.9750396071301274
0.969984533984138
0.9644168172407042
0.9588079918279209
0.9471001855434084
0.9378334380757515
0.92781851300777
0.9176865699528157
0.9082061151019974
0.8994657993834952
0.8900868650925081
0.8828355556016984
0.8775873387293033
0.8699058157650705
0.8606790096831142
0.8453796137962194
0.832557854660267
0.8181154278475845
0.802653620664996
0.791388234735607
0.7790577796185842
0.7563110365737263
0.7452176989484534
0.7274525829026433
0.6923076162194851
0.6684890913956335
0.641165870021998
0.5740771181251388
0.475553577890104
0.3842104283291328
0.35179873513908866
0.3102892254835339
0.2950918428152943
0.2720529031969553
0.26413247899694897
0.2527527147067553
0.24466227694390236
0.24288244739524806
1.2231025628532931e-12
